1850	4.66683507074506	-0.753959764330737
1851	4.68751812474734	-0.733276710328465
1852	4.66735409225346	-0.753440742822344
1853	4.68830022942532	-0.732494605650478
1854	4.68330381442788	-0.737491020647921
1855	4.6736208934581	-0.747173941617706
1856	4.56986584179897	-0.850928993276828
1857	4.57024640645069	-0.850548428625115
1858	4.55495467977076	-0.865840155305039
1859	4.62153492641596	-0.799259908659836
1860	4.55098395657383	-0.869810878501976
1861	4.58137079294053	-0.83942404213527
1862	4.53070126421741	-0.890093570858395
1863	4.58790057456659	-0.832894260509211
1864	4.63836285626449	-0.782431978811312
1865	4.56997288162489	-0.850821953450908
1866	4.64837884307817	-0.772415991997629
1867	4.68647006657572	-0.734324768500079
1868	4.61089396473853	-0.809900870337275
1869	4.63454696678501	-0.786247868290795
1870	4.63052749517667	-0.790267339899135
1871	4.6845527033465	-0.736242131729306
1872	4.59352793412712	-0.827266900948683
1873	4.60049739936355	-0.820297435712253
1874	4.64926905987653	-0.771525775199267
1875	4.70398890293536	-0.716805932140442
1876	4.61679889375542	-0.803995941320382
1877	4.65353888246025	-0.767255952615554
1878	4.66743744686135	-0.753357388214453
1879	4.64352820641739	-0.777266628658411
1880	4.6126258789878	-0.808168956088
1881	4.69497262615049	-0.725822208925307
1882	4.62559550617749	-0.795199328898315
1883	4.62885960966487	-0.79193522541093
1884	4.33959726265294	-1.08119757242286
1885	4.30822854702515	-1.11256628805065
1886	4.42724009242416	-0.993554742651644
1887	4.46770600154885	-0.953088833526952
1888	4.59724913309328	-0.823545701982524
1889	4.614016653958	-0.806778181117802
1890	4.56355123069917	-0.857243604376636
1891	4.52721034126923	-0.893584493806574
1892	4.5645075239264	-0.856287311149404
1893	4.5508995532264	-0.869895281849405
1894	4.62494907698496	-0.795845758090843
1895	4.66363583452991	-0.757159000545895
1896	4.64174180716984	-0.77905302790596
1897	4.68614704939149	-0.734647785684309
1898	4.72068142361113	-0.700113411464667
1899	4.64007046262607	-0.780724372449732
1900	4.68478978358813	-0.736005051487676
1901	4.68802134892714	-0.73277348614866
1902	4.66176994242445	-0.759024892651347
1903	4.4401968063285	-0.980598028747297
1904	4.48079313777331	-0.940001697302494
1905	4.50577184482617	-0.915022990249627
1906	4.53933880252927	-0.881456032546526
1907	4.48854775624735	-0.932247078828454
1908	4.6322646585174	-0.788530176558398
1909	4.62261187177454	-0.798182963301259
1910	4.64726209480834	-0.773532740267464
1911	4.61712843896412	-0.803666396111677
1912	4.48620516713926	-0.934589667936542
1913	4.54486967925796	-0.875925155817846
1914	4.58026214088663	-0.840532694189173
1915	4.65202430945737	-0.768770525618431
1916	4.63802127062227	-0.78277356445353
1917	4.64487523466487	-0.775919600410932
1918	4.64854338252565	-0.772251452550153
1919	4.64290314881953	-0.777891686256274
1920	4.61224392750226	-0.808550907573537
1921	4.69262383633736	-0.728170998738437
1922	4.65363162431182	-0.76716321076398
1923	4.68139159320154	-0.739403241874259
1924	4.69253993263085	-0.728254902444954
1925	4.7199995438621	-0.700795291213704
1926	4.7406005952275	-0.6801942398483
1927	4.80367480877511	-0.617120026300688
1928	4.78418677676863	-0.636608058307175
1929	4.74733431974323	-0.673460515332568
1930	4.7545335511276	-0.666261283948198
1931	4.71962038734009	-0.701174447735715
1932	4.74776352845908	-0.673031306616719
1933	4.72901320087313	-0.691781634202669
1934	4.82981066188495	-0.590984173190849
1935	4.84975539952111	-0.571039435554695
1936	4.82353826266895	-0.597256572406851
1937	4.84791681995133	-0.572878015124473
1938	4.85990198794386	-0.560892847131941
1939	4.80210348794089	-0.618691347134915
1940	4.87849038268267	-0.542304452393131
1941	4.86265017714133	-0.558144657934475
1942	4.85907290384652	-0.561721931229281
1943	4.87295024529261	-0.547844589783196
1944	4.89468324217715	-0.526111592898654
1945	4.90118619085631	-0.519608644219495
1946	4.85558521845572	-0.565209616620084
1947	4.88694841683911	-0.533846418236689
1948	4.91617511223504	-0.504619722840761
1949	4.96169899486155	-0.459095840214252
1950	4.90546595371661	-0.515328881359192
1951	4.95908617922525	-0.461708655850548
1952	4.95033843845909	-0.470456396616707
1953	4.88559548945553	-0.535199345620274
1954	4.89785968658589	-0.522935148489913
1955	4.87208044786615	-0.548714387209649
1956	4.80313443599071	-0.617660399085091
1957	4.79057154082093	-0.630223294254871
1958	4.84394356133915	-0.576851273736652
1959	4.92259663621043	-0.498198198865376
1960	4.93658882886916	-0.484206006206645
1961	4.90854526560421	-0.512249569471587
1962	4.87353565790884	-0.54725917716696
1963	4.7988591721069	-0.6219356629689
1964	4.6917738339506	-0.729021001125201
1965	4.67664220801229	-0.744152627063507
1966	4.70781608593158	-0.712978749144224
1967	4.67570026926075	-0.745094565815053
1968	4.80614843131127	-0.614646403764528
1969	4.73640934263374	-0.684385492442062
1970	4.7506818611691	-0.670112973906697
1971	4.7640583473798	-0.656736487695998
1972	4.73803673137952	-0.682758103696282
1973	4.80145676146906	-0.619338073606743
1974	4.85893489657655	-0.561859938499246
1975	4.82552362032679	-0.595271214749009
1976	4.81268344547943	-0.608111389596368
1977	4.88681715409326	-0.53397768098254
1978	4.9593850749813	-0.461409760094506
1979	4.9757984968444	-0.444996338231398
1980	4.91332335388149	-0.507471481194312
1981	4.95998760902721	-0.460807226048595
1982	5.00209417009283	-0.418700664982968
1983	4.86202150574197	-0.558773329333829
1984	4.93806428984579	-0.482730545230011
1985	5.01360859166907	-0.407186243406732
1986	4.98827562491827	-0.432519210157531
1987	4.9460133405944	-0.474781494481398
1988	5.00413619911738	-0.416658635958419
1989	5.05914371205975	-0.361651123016049
1990	5.2138091112018	-0.206985723873997
1991	5.17048927899367	-0.250305556082127
1992	4.89501944508928	-0.525775389986518
1993	4.98998865507874	-0.430806179997058
1994	5.10082778814542	-0.319967046930385
1995	5.11347395666116	-0.30732087841464
1996	5.21181339062413	-0.208981444451668
1997	5.25806910777566	-0.162725727300141
1998	5.30196440303346	-0.11883043204234
1999	5.36598624544422	-0.0548085896315822
2000	5.4113802439094	-0.0094145911663972
2001	5.42593905885835	0.00514422378255031
2002	5.46344845567122	0.04265362059542
2003	5.58125752952729	0.160462694451488
2004	5.57684350908348	0.156048674007677
2005	5.62238363559208	0.201588800516282
2006	5.56511962519028	0.144324790114481
2007	5.54532800497351	0.124533169897704
2008	5.67654041598333	0.255745580907531
2009	5.68675501342962	0.265960178353814
2010	5.6291298086785	0.208334973602696
2011	5.72686375076552	0.306068915689716
2012	5.77979276433598	0.358997929260182
2013	5.85649449364419	0.435699658568391
2014	5.89951404110163	0.478719206025828
2015	5.89836331614887	0.477568481073066
2016	5.9652036443362	0.544408809260396
2017	6.00217504399736	0.581380208921558
2018	6.10846941757785	0.68767458250205
2019	6.13440314398874	0.713608308912937
2020	6.0933796033182	0.6725847682424
2021	6.15574295299422	0.734948117918419
2022	6.21406183576659	0.793267000690786
2023	6.23848470516585	0.817689870090045
2024	6.26555204779437	0.844757212718567
2025	6.30624697146716	0.885452136391355
2026	6.2859953394038	0.865200504328
2027	6.39880562002803	0.978010784952224
2028	6.43667040826629	1.01587557319049
2029	6.44818545360364	1.02739061852784
2030	6.49554481448288	1.07474997940707
2031	6.60236040693079	1.18156557185499
2032	6.50398511209125	1.08319027701545
2033	6.56250165361613	1.14170681854033
2034	6.65592019648678	1.23512536141097
2035	6.74331488529481	1.322520050219
2036	6.7885882147747	1.36779337969889
2037	6.89971206177318	1.47891722669737
2038	6.94492756975661	1.52413273468081
2039	6.93695272738896	1.51615789231316
2040	7.06243391285976	1.64163907778395
2041	7.06415460084311	1.64335976576731
2042	7.09941852168952	1.67862368661372
2043	7.22542060840441	1.80462577332861
2044	7.21409853557133	1.79330370049553
2045	7.24011657343247	1.81932173835667
2046	7.3668638836122	1.9460690485364
2047	7.37567559043387	1.95488075535807
2048	7.4117041388062	1.9909093037304
2049	7.50730542976927	2.08651059469347
2050	7.58711592907959	2.16632109400379
2051	7.48826764947206	2.06747281439625
2052	7.61453141175987	2.19373657668406
2053	7.66910506760877	2.24831023253297
2054	7.79290140230364	2.37210656722784
2055	7.7938001983968	2.373005363321
2056	7.88635371751909	2.46555888244329
2057	7.93851798186747	2.51772314679167
2058	8.03809570591202	2.61730087083622
2059	8.0973990848257	2.6766042497499
2060	8.11557767181306	2.69478283673726
2061	8.14406968208211	2.72327484700631
2062	8.21986772836255	2.79907289328675
2063	8.2815631883874	2.8607683533116
2064	8.23181881189493	2.81102397681913
2065	8.33256905612338	2.91177422104758
2066	8.45470266588931	3.0339078308135
2067	8.52997838314993	3.10918354807413
2068	8.5139541690829	3.0931593340071
2069	8.66855165432217	3.24775681924637
2070	8.87492084474145	3.45412600966565
2071	8.851311150352	3.4305163152762
2072	8.85621463518545	3.43541980010964
2073	8.97776194765508	3.55696711257928
2074	9.06345624067288	3.64266140559708
2075	9.13670314748177	3.71590831240597
2076	9.16618277868795	3.74538794361215
2077	9.24834455841392	3.82754972333812
2078	9.19570768173429	3.77491284665849
2079	9.26030888898553	3.83951405390973
2080	9.44961975597946	4.02882492090366
2081	9.57403085090256	4.15323601582676
2082	9.61049212915896	4.18969729408316
2083	9.64097090304535	4.22017606796955
2084	9.74638787960386	4.32559304452806
2085	9.83667393979056	4.41587910471476
2086	9.83867272038803	4.41787788531223
2087	9.92165054019367	4.50085570511787
2088	10.0145963028408	4.59380146776502
2089	10.0753034664253	4.6545086313495
2090	10.1808462529059	4.76005141783012
2091	10.2170169360017	4.79622210092593
2092	10.1941634047878	4.77336856971204
2093	10.2638950667244	4.84310023164856
2094	10.4197551477627	4.9989603126869
2095	10.4833731269546	5.06257829187883
2096	10.537809340217	5.11701450514122
2097	10.6480131105745	5.22721827549874
2098	10.7104818265732	5.28968699149742
2099	10.8121310546442	5.39133621956843
