238.5	48.5
240.5	48.5
242.5	48.5
244.5	48.5
246.5	48.5
248.5	48.5
250.5	48.5
252.5	48.5
254.5	48.5
256.5	48.5
258.5	48.5
260.5	48.5
262.5	48.5
264.5	48.5
266.5	48.5
268.5	48.5
270.5	48.5
272.5	48.5
274.5	48.5
276.5	48.5
278.5	48.5
280.5	48.5
282.5	48.5
284.5	48.5
286.5	48.5
288.5	48.5
290.5	48.5
236.5	46.5
238.5	46.5
240.5	46.5
242.5	46.5
244.5	46.5
246.5	46.5
248.5	46.5
250.5	46.5
252.5	46.5
254.5	46.5
256.5	46.5
258.5	46.5
260.5	46.5
262.5	46.5
264.5	46.5
266.5	46.5
268.5	46.5
270.5	46.5
272.5	46.5
274.5	46.5
276.5	46.5
278.5	46.5
280.5	46.5
282.5	46.5
284.5	46.5
286.5	46.5
288.5	46.5
290.5	46.5
292.5	46.5
236.5	44.5
238.5	44.5
240.5	44.5
242.5	44.5
244.5	44.5
246.5	44.5
248.5	44.5
250.5	44.5
252.5	44.5
254.5	44.5
256.5	44.5
258.5	44.5
260.5	44.5
262.5	44.5
264.5	44.5
266.5	44.5
268.5	44.5
270.5	44.5
272.5	44.5
274.5	44.5
276.5	44.5
278.5	44.5
280.5	44.5
282.5	44.5
284.5	44.5
286.5	44.5
288.5	44.5
290.5	44.5
236.5	42.5
238.5	42.5
240.5	42.5
242.5	42.5
244.5	42.5
246.5	42.5
248.5	42.5
250.5	42.5
252.5	42.5
254.5	42.5
256.5	42.5
258.5	42.5
260.5	42.5
262.5	42.5
264.5	42.5
266.5	42.5
268.5	42.5
270.5	42.5
272.5	42.5
274.5	42.5
276.5	42.5
278.5	42.5
280.5	42.5
282.5	42.5
284.5	42.5
286.5	42.5
288.5	42.5
236.5	40.5
238.5	40.5
240.5	40.5
242.5	40.5
244.5	40.5
246.5	40.5
248.5	40.5
250.5	40.5
252.5	40.5
254.5	40.5
256.5	40.5
258.5	40.5
260.5	40.5
262.5	40.5
264.5	40.5
266.5	40.5
268.5	40.5
270.5	40.5
272.5	40.5
274.5	40.5
276.5	40.5
278.5	40.5
280.5	40.5
282.5	40.5
284.5	40.5
236.5	38.5
238.5	38.5
240.5	38.5
242.5	38.5
244.5	38.5
246.5	38.5
248.5	38.5
250.5	38.5
252.5	38.5
254.5	38.5
256.5	38.5
258.5	38.5
260.5	38.5
262.5	38.5
264.5	38.5
266.5	38.5
268.5	38.5
270.5	38.5
272.5	38.5
274.5	38.5
276.5	38.5
278.5	38.5
280.5	38.5
282.5	38.5
238.5	36.5
240.5	36.5
242.5	36.5
244.5	36.5
246.5	36.5
248.5	36.5
250.5	36.5
252.5	36.5
254.5	36.5
256.5	36.5
258.5	36.5
260.5	36.5
262.5	36.5
264.5	36.5
266.5	36.5
268.5	36.5
270.5	36.5
272.5	36.5
274.5	36.5
276.5	36.5
278.5	36.5
280.5	36.5
282.5	36.5
240.5	34.5
242.5	34.5
244.5	34.5
246.5	34.5
248.5	34.5
250.5	34.5
252.5	34.5
254.5	34.5
256.5	34.5
258.5	34.5
260.5	34.5
262.5	34.5
264.5	34.5
266.5	34.5
268.5	34.5
270.5	34.5
272.5	34.5
274.5	34.5
276.5	34.5
278.5	34.5
280.5	34.5
282.5	34.5
242.5	32.5
244.5	32.5
246.5	32.5
248.5	32.5
250.5	32.5
252.5	32.5
254.5	32.5
256.5	32.5
258.5	32.5
260.5	32.5
262.5	32.5
264.5	32.5
266.5	32.5
268.5	32.5
270.5	32.5
272.5	32.5
274.5	32.5
276.5	32.5
278.5	32.5
244.5	30.5
246.5	30.5
248.5	30.5
250.5	30.5
252.5	30.5
254.5	30.5
256.5	30.5
258.5	30.5
260.5	30.5
262.5	30.5
264.5	30.5
266.5	30.5
268.5	30.5
270.5	30.5
272.5	30.5
274.5	30.5
276.5	30.5
248.5	28.5
250.5	28.5
252.5	28.5
254.5	28.5
256.5	28.5
258.5	28.5
260.5	28.5
262.5	28.5
278.5	28.5
246.5	26.5
250.5	26.5
252.5	26.5
254.5	26.5
256.5	26.5
258.5	26.5
260.5	26.5
278.5	26.5
248.5	24.5
252.5	24.5
254.5	24.5
256.5	24.5
258.5	24.5
260.5	24.5
